2 3
5 5
5 7
5 11
5 13
5 17
5 19
5 23
5 25
5 29
5 31
5 35
5 37
5 41
5 43
5 47
5 49
5 53
5 55
5 59
5 61
5 65
5 67
5 71
5 73
5 77
5 79
5 83
5 85
5 89
5 91
5 95
5 97
5 101
5 103
5 107
5 109
5 113
5 115
5 119
5 121
5 125
5 127
5 131
5 133
5 137
5 139
5 143
5 145
5 149
5 151
5 155
5 157
5 161
5 163
5 167
5 169
5 173
5 175
5 179
5 181
5 185
5 187
5 191
5 193
5 197
5 199
5 203
5 205
5 209
5 211
5 215
5 217
5 221
5 223
5 227
5 229
5 233
5 235
5 239
5 241
5 245
5 247
5 251
5 253
5 257
5 259
5 263
5 265
5 269
5 271
5 275
5 277
5 281
5 283
5 287
5 289
5 293
5 295
5 299
5 301
5 305
5 307
5 311
5 313
5 317
5 319
5 323
5 325
5 329
5 331
5 335
5 337
5 341
5 343
5 347
5 349
5 353
5 355
5 359
5 361
5 365
5 367
5 371
5 373
5 377
5 379
5 383
5 385
5 389
5 391
5 395
5 397
5 401
5 403
5 407
5 409
5 413
5 415
5 419
5 421
5 425
5 427
5 431
5 433
5 437
5 439
5 443
5 445
5 449
5 451
5 455
5 457
5 461
5 463
5 467
5 469
5 473
5 475
5 479
5 481
5 485
5 487
5 491
5 493
5 497
5 499
5 503
5 505
5 509
5 511
5 515
5 517
5 521
5 523
5 527
5 529
5 533
5 535
5 539
5 541
5 545
5 547
5 551
5 553
5 557
5 559
5 563
5 565
5 569
5 571
5 575
5 577
5 581
5 583
5 587
5 589
5 593
5 595
5 599
5 601
5 605
5 607
5 611
5 613
5 617
5 619
5 623
5 625
5 629
5 631
5 635
5 637
5 641
5 643
5 647
5 649
5 653
5 655
5 659
5 661
5 665
5 667
5 671
5 673
5 677
5 679
5 683
5 685
5 689
5 691
5 695
5 697
5 701
5 703
5 707
5 709
5 713
5 715
5 719
5 721
5 725
5 727
5 731
5 733
5 737
5 739
5 743
5 745
5 749
5 751
5 755
5 757
5 761
5 763
5 767
5 769
5 773
5 775
5 779
5 781
5 785
5 787
5 791
5 793
5 797
5 799
5 803
5 805
5 809
5 811
5 815
5 817
5 821
5 823
5 827
5 829
5 833
5 835
5 839
5 841
5 845
5 847
5 851
5 853
5 857
5 859
5 863
5 865
5 869
5 871
5 875
5 877
5 881
5 883
5 887
5 889
5 893
5 895
5 899
5 901
5 905
5 907
5 911
5 913
5 917
5 919
5 923
5 925
5 929
5 931
5 935
5 937
5 941
5 943
5 947
5 949
5 953
5 955
5 959
5 961
5 965
5 967
5 971
5 973
5 977
5 979
5 983
5 985
5 989
5 991
5 995
5 997
5 1001
5 1003
5 1007
5 1009
5 1013
5 1015
5 1019
5 1021
5 1025
5 1027
5 1031
5 1033
5 1037
5 1039
5 1043
5 1045
5 1049
5 1051
5 1055
5 1057
5 1061
5 1063
5 1067
5 1069
5 1073
5 1075
5 1079
5 1081
5 1085
5 1087
5 1091
5 1093
5 1097
5 1099
5 1103
5 1105
5 1109
5 1111
5 1115
5 1117
5 1121
5 1123
5 1127
5 1129
5 1133
5 1135
5 1139
5 1141
5 1145
5 1147
5 1151
5 1153
5 1157
5 1159
5 1163
5 1165
5 1169
5 1171
5 1175
5 1177
5 1181
5 1183
5 1187
5 1189
5 1193
5 1195
5 1199
5 1201
5 1205
5 1207
5 1211
5 1213
5 1217
5 1219
5 1223
5 1225
5 1229
5 1231
5 1235
5 1237
5 1241
5 1243
5 1247
5 1249
5 1253
5 1255
5 1259
5 1261
5 1265
5 1267
5 1271
5 1273
5 1277
5 1279
5 1283
5 1285
5 1289
5 1291
5 1295
5 1297
5 1301
5 1303
5 1307
5 1309
5 1313
5 1315
5 1319
5 1321
5 1325
5 1327
5 1331
5 1333
5 1337
5 1339
5 1343
5 1345
5 1349
5 1351
5 1355
5 1357
5 1361
5 1363
5 1367
5 1369
5 1373
5 1375
5 1379
5 1381
5 1385
5 1387
5 1391
5 1393
5 1397
5 1399
5 1403
5 1405
5 1409
5 1411
5 1415
5 1417
5 1421
5 1423
5 1427
5 1429
5 1433
5 1435
5 1439
5 1441
5 1445
5 1447
5 1451
5 1453
5 1457
5 1459
5 1463
5 1465
5 1469
5 1471
5 1475
5 1477
5 1481
5 1483
5 1487
5 1489
5 1493
5 1495
5 1499
5 1501
5 1505
5 1507
5 1511
5 1513
5 1517
5 1519
5 1523
5 1525
5 1529
5 1531
5 1535
5 1537
5 1541
5 1543
5 1547
5 1549
5 1553
5 1555
5 1559
5 1561
5 1565
5 1567
5 1571
5 1573
5 1577
5 1579
5 1583
5 1585
5 1589
5 1591
5 1595
5 1597
5 1601
5 1603
5 1607
5 1609
5 1613
5 1615
5 1619
5 1621
5 1625
5 1627
5 1631
5 1633
5 1637
5 1639
5 1643
5 1645
5 1649
5 1651
5 1655
5 1657
5 1661
5 1663
5 1667
5 1669
5 1673
5 1675
5 1679
5 1681
5 1685
5 1687
5 1691
5 1693
5 1697
5 1699
5 1703
5 1705
5 1709
5 1711
5 1715
5 1717
5 1721
5 1723
5 1727
5 1729
5 1733
5 1735
5 1739
5 1741
5 1745
5 1747
5 1751
5 1753
5 1757
5 1759
5 1763
5 1765
5 1769
5 1771
5 1775
5 1777
5 1781
5 1783
5 1787
5 1789
5 1793
5 1795
5 1799
5 1801
5 1805
5 1807
5 1811
5 1813
5 1817
5 1819
5 1823
5 1825
5 1829
5 1831
5 1835
5 1837
5 1841
5 1843
5 1847
5 1849
5 1853
5 1855
5 1859
5 1861
5 1865
5 1867
5 1871
5 1873
5 1877
5 1879
5 1883
5 1885
5 1889
5 1891
5 1895
5 1897
5 1901
5 1903
5 1907
5 1909
5 1913
5 1915
5 1919
5 1921
5 1925
5 1927
5 1931
5 1933
5 1937
5 1939
5 1943
5 1945
5 1949
5 1951
5 1955
5 1957
5 1961
5 1963
5 1967
5 1969
5 1973
5 1975
5 1979
5 1981
5 1985
5 1987
5 1991
5 1993
5 1997
5 1999
5 2003
5 2005
5 2009
5 2011
5 2015
5 2017
5 2021
5 2023
5 2027
5 2029
5 2033
5 2035
5 2039
5 2041
5 2045
5 2047
5 2051
5 2053
5 2057
5 2059
5 2063
5 2065
5 2069
5 2071
5 2075
5 2077
5 2081
5 2083
5 2087
5 2089
5 2093
5 2095
5 2099
5 2101
5 2105
5 2107
5 2111
5 2113
5 2117
5 2119
5 2123
5 2125
5 2129
5 2131
5 2135
5 2137
5 2141
5 2143
5 2147
5 2149
5 2153
5 2155
5 2159
5 2161
5 2165
5 2167
5 2171
5 2173
5 2177
5 2179
5 2183
5 2185
5 2189
5 2191
5 2195
5 2197
5 2201
5 2203
5 2207
5 2209
5 2213
5 2215
5 2219
5 2221
5 2225
5 2227
5 2231
5 2233
5 2237
5 2239
5 2243
5 2245
5 2249
5 2251
5 2255
5 2257
5 2261
5 2263
5 2267
5 2269
5 2273
5 2275
5 2279
5 2281
5 2285
5 2287
5 2291
5 2293
5 2297
5 2299
5 2303
5 2305
5 2309
5 2311
5 2315
5 2317
5 2321
5 2323
5 2327
5 2329
5 2333
5 2335
5 2339
5 2341
5 2345
5 2347
5 2351
5 2353
5 2357
5 2359
5 2363
5 2365
5 2369
5 2371
5 2375
5 2377
5 2381
5 2383
5 2387
5 2389
5 2393
5 2395
5 2399
5 2401
5 2405
5 2407
5 2411
5 2413
5 2417
5 2419
5 2423
5 2425
5 2429
5 2431
5 2435
5 2437
5 2441
5 2443
5 2447
5 2449
5 2453
5 2455
5 2459
5 2461
5 2465
5 2467
5 2471
5 2473
5 2477
5 2479
5 2483
5 2485
5 2489
5 2491
5 2495
5 2497
5 2501
5 2503
5 2507
5 2509
5 2513
5 2515
5 2519
5 2521
5 2525
5 2527
5 2531
5 2533
5 2537
5 2539
5 2543
5 2545
5 2549
5 2551
5 2555
5 2557
5 2561
5 2563
5 2567
5 2569
5 2573
5 2575
5 2579
5 2581
5 2585
5 2587
5 2591
5 2593
5 2597
5 2599
5 2603
5 2605
5 2609
5 2611
5 2615
5 2617
5 2621
5 2623
5 2627
5 2629
5 2633
5 2635
5 2639
5 2641
5 2645
5 2647
5 2651
5 2653
5 2657
5 2659
5 2663
5 2665
5 2669
5 2671
5 2675
5 2677
5 2681
5 2683
5 2687
5 2689
5 2693
5 2695
5 2699
5 2701
5 2705
5 2707
5 2711
5 2713
5 2717
5 2719
5 2723
5 2725
5 2729
5 2731
5 2735
5 2737
5 2741
5 2743
5 2747
5 2749
5 2753
5 2755
5 2759
5 2761
5 2765
5 2767
5 2771
5 2773
5 2777
5 2779
5 2783
5 2785
5 2789
5 2791
5 2795
5 2797
5 2801
5 2803
5 2807
5 2809
5 2813
5 2815
5 2819
5 2821
5 2825
5 2827
5 2831
5 2833
5 2837
5 2839
5 2843
5 2845
5 2849
5 2851
5 2855
5 2857
5 2861
5 2863
5 2867
5 2869
5 2873
5 2875
5 2879
5 2881
5 2885
5 2887
5 2891
5 2893
5 2897
5 2899
5 2903
5 2905
5 2909
5 2911
5 2915
5 2917
5 2921
5 2923
5 2927
5 2929
5 2933
5 2935
5 2939
5 2941
5 2945
5 2947
5 2951
5 2953
5 2957
5 2959
5 2963
5 2965
5 2969
5 2971
5 2975
5 2977
5 2981
5 2983
5 2987
5 2989
5 2993
5 2995
5 2999
5 3001
5 3005
5 3007
5 3011
5 3013
5 3017
5 3019
5 3023
5 3025
5 3029
5 3031
5 3035
5 3037
5 3041
5 3043
5 3047
5 3049
5 3053
5 3055
5 3059
5 3061
5 3065
5 3067
5 3071
5 3073
5 3077
5 3079
5 3083
5 3085
5 3089
5 3091
5 3095
5 3097
5 3101
5 3103
5 3107
5 3109
5 3113
5 3115
5 3119
5 3121
5 3125
5 3127
5 3131
5 3133
5 3137
5 3139
5 3143
5 3145
5 3149
5 3151
5 3155
5 3157
5 3161
5 3163
5 3167
5 3169
5 3173
5 3175
5 3179
5 3181
5 3185
5 3187
5 3191
5 3193
5 3197
5 3199
5 3203
5 3205
5 3209
5 3211
5 3215
5 3217
5 3221
5 3223
5 3227
5 3229
5 3233
5 3235
5 3239
5 3241
5 3245
5 3247
5 3251
5 3253
5 3257
5 3259
5 3263
5 3265
5 3269
5 3271
5 3275
5 3277
5 3281
5 3283
5 3287
5 3289
5 3293
5 3295
5 3299
5 3301
5 3305
5 3307
5 3311
5 3313
5 3317
5 3319
5 3323
5 3325
5 3329
5 3331
5 3335
5 3337
5 3341
5 3343
5 3347
5 3349
5 3353
5 3355
5 3359
5 3361
5 3365
5 3367
5 3371
5 3373
5 3377
5 3379
5 3383
5 3385
5 3389
5 3391
5 3395
5 3397
5 3401
5 3403
5 3407
5 3409
5 3413
5 3415
5 3419
5 3421
5 3425
5 3427
5 3431
5 3433
5 3437
5 3439
5 3443
5 3445
5 3449
5 3451
5 3455
5 3457
5 3461
5 3463
5 3467
5 3469
5 3473
5 3475
5 3479
5 3481
5 3485
5 3487
5 3491
5 3493
5 3497
5 3499
5 3503
5 3505
5 3509
5 3511
5 3515
5 3517
5 3521
5 3523
5 3527
5 3529
5 3533
5 3535
5 3539
5 3541
5 3545
5 3547
5 3551
5 3553
5 3557
5 3559
5 3563
5 3565
5 3569
5 3571
5 3575
5 3577
5 3581
5 3583
5 3587
5 3589
5 3593
5 3595
5 3599
5 3601
5 3605
5 3607
5 3611
5 3613
5 3617
5 3619
5 3623
5 3625
5 3629
5 3631
5 3635
5 3637
5 3641
5 3643
5 3647
5 3649
5 3653
5 3655
5 3659
5 3661
5 3665
5 3667
5 3671
5 3673
5 3677
5 3679
5 3683
5 3685
5 3689
5 3691
5 3695
5 3697
5 3701
5 3703
5 3707
5 3709
5 3713
5 3715
5 3719
5 3721
5 3725
5 3727
5 3731
5 3733
5 3737
5 3739
5 3743
5 3745
5 3749
5 3751
5 3755
5 3757
5 3761
5 3763
5 3767
5 3769
5 3773
5 3775
5 3779
5 3781
5 3785
5 3787
5 3791
5 3793
5 3797
5 3799
5 3803
5 3805
5 3809
5 3811
5 3815
5 3817
5 3821
5 3823
5 3827
5 3829
5 3833
5 3835
5 3839
5 3841
5 3845
5 3847
5 3851
5 3853
5 3857
5 3859
5 3863
5 3865
5 3869
5 3871
5 3875
5 3877
5 3881
5 3883
5 3887
5 3889
5 3893
5 3895
5 3899
5 3901
5 3905
5 3907
5 3911
5 3913
5 3917
5 3919
5 3923
5 3925
5 3929
5 3931
5 3935
5 3937
5 3941
5 3943
5 3947
5 3949
5 3953
5 3955
5 3959
5 3961
5 3965
5 3967
5 3971
5 3973
5 3977
5 3979
5 3983
5 3985
5 3989
5 3991
5 3995
5 3997
5 4001
5 4003
5 4007
5 4009
5 4013
5 4015
5 4019
5 4021
5 4025
5 4027
5 4031
5 4033
5 4037
5 4039
5 4043
5 4045
5 4049
5 4051
5 4055
5 4057
5 4061
5 4063
5 4067
5 4069
5 4073
5 4075
5 4079
5 4081
5 4085
5 4087
5 4091
5 4093
5 4097
5 4099
5 4103
5 4105
5 4109
5 4111
5 4115
5 4117
5 4121
5 4123
5 4127
5 4129
5 4133
5 4135
5 4139
5 4141
5 4145
5 4147
5 4151
5 4153
5 4157
5 4159
5 4163
5 4165
5 4169
5 4171
5 4175
5 4177
5 4181
5 4183
5 4187
5 4189
5 4193
5 4195
5 4199
5 4201
5 4205
5 4207
5 4211
5 4213
5 4217
5 4219
5 4223
5 4225
5 4229
5 4231
5 4235
5 4237
5 4241
5 4243
5 4247
5 4249
5 4253
5 4255
5 4259
5 4261
5 4265
5 4267
5 4271
5 4273
5 4277
5 4279
5 4283
5 4285
5 4289
5 4291
5 4295
5 4297
5 4301
5 4303
5 4307
5 4309
5 4313
5 4315
5 4319
5 4321
5 4325
5 4327
5 4331
5 4333
5 4337
5 4339
5 4343
5 4345
5 4349
5 4351
5 4355
5 4357
5 4361
5 4363
5 4367
5 4369
5 4373
5 4375
5 4379
5 4381
5 4385
5 4387
5 4391
5 4393
5 4397
5 4399
5 4403
5 4405
5 4409
5 4411
5 4415
5 4417
5 4421
5 4423
5 4427
5 4429
5 4433
5 4435
5 4439
5 4441
5 4445
5 4447
5 4451
5 4453
5 4457
5 4459
5 4463
5 4465
5 4469
5 4471
5 4475
5 4477
5 4481
5 4483
5 4487
5 4489
5 4493
5 4495
5 4499
5 4501
5 4505
5 4507
5 4511
5 4513
5 4517
5 4519
5 4523
5 4525
5 4529
5 4531
5 4535
5 4537
5 4541
5 4543
5 4547
5 4549
5 4553
5 4555
5 4559
5 4561
5 4565
5 4567
5 4571
5 4573
5 4577
5 4579
5 4583
5 4585
5 4589
5 4591
5 4595
5 4597
5 4601
5 4603
5 4607
5 4609
5 4613
5 4615
5 4619
5 4621
5 4625
5 4627
5 4631
5 4633
5 4637
5 4639
5 4643
5 4645
5 4649
5 4651
5 4655
5 4657
5 4661
5 4663
5 4667
5 4669
5 4673
5 4675
5 4679
5 4681
5 4685
5 4687
5 4691
5 4693
5 4697
5 4699
5 4703
5 4705
5 4709
5 4711
5 4715
5 4717
5 4721
5 4723
5 4727
5 4729
5 4733
5 4735
5 4739
5 4741
5 4745
5 4747
5 4751
5 4753
5 4757
5 4759
5 4763
5 4765
5 4769
5 4771
5 4775
5 4777
5 4781
5 4783
5 4787
5 4789
5 4793
5 4795
5 4799
5 4801
5 4805
5 4807
5 4811
5 4813
5 4817
5 4819
5 4823
5 4825
5 4829
5 4831
5 4835
5 4837
5 4841
5 4843
5 4847
5 4849
5 4853
5 4855
5 4859
5 4861
5 4865
5 4867
5 4871
5 4873
5 4877
5 4879
5 4883
5 4885
5 4889
5 4891
5 4895
5 4897
5 4901
5 4903
5 4907
5 4909
5 4913
5 4915
5 4919
5 4921
5 4925
5 4927
5 4931
5 4933
5 4937
5 4939
5 4943
5 4945
5 4949
5 4951
5 4955
5 4957
5 4961
5 4963
5 4967
5 4969
5 4973
5 4975
5 4979
5 4981
5 4985
5 4987
5 4991
5 4993
5 4997
5 4999
9 16
9 22
9 28
9 34
9 40
9 46
9 58
9 64
9 70
9 76
9 82
9 88
9 100
9 106
9 112
9 118
9 124
9 130
9 142
9 148
9 154
9 160
9 166
9 172
9 184
9 190
9 196
9 202
9 208
9 214
9 226
9 232
9 238
9 244
9 250
9 256
9 268
9 274
9 280
9 286
9 292
9 298
9 310
9 316
9 322
9 328
9 334
9 340
9 352
9 358
9 364
9 370
9 376
9 382
9 394
9 400
9 406
9 412
9 418
9 424
9 436
9 442
9 448
9 454
9 460
9 466
9 478
9 484
9 490
9 496
9 502
9 508
9 520
9 526
9 532
9 538
9 544
9 550
9 562
9 568
9 574
9 580
9 586
9 592
9 604
9 610
9 616
9 622
9 628
9 634
9 646
9 652
9 658
9 664
9 670
9 676
9 688
9 694
9 700
9 706
9 712
9 718
9 730
9 736
9 742
9 748
9 754
9 760
9 772
9 778
9 784
9 790
9 796
9 802
9 814
9 820
9 826
9 832
9 838
9 844
9 856
9 862
9 868
9 874
9 880
9 886
9 898
9 904
9 910
9 916
9 922
9 928
9 940
9 946
9 952
9 958
9 964
9 970
9 982
9 988
9 994
9 1000
9 1006
9 1012
9 1024
9 1030
9 1036
9 1042
9 1048
9 1054
9 1066
9 1072
9 1078
9 1084
9 1090
9 1096
9 1108
9 1114
9 1120
9 1126
9 1132
9 1138
9 1150
9 1156
9 1162
9 1168
9 1174
9 1180
9 1192
9 1198
9 1204
9 1210
9 1216
9 1222
9 1234
9 1240
9 1246
9 1252
9 1258
9 1264
9 1276
9 1282
9 1288
9 1294
9 1300
9 1306
9 1318
9 1324
9 1330
9 1336
9 1342
9 1348
9 1360
9 1366
9 1372
9 1378
9 1384
9 1390
9 1402
9 1408
9 1414
9 1420
9 1426
9 1432
9 1444
9 1450
9 1456
9 1462
9 1468
9 1474
9 1486
9 1492
9 1498
9 1504
9 1510
9 1516
9 1528
9 1534
9 1540
9 1546
9 1552
9 1558
9 1570
9 1576
9 1582
9 1588
9 1594
9 1600
9 1612
9 1618
9 1624
9 1630
9 1636
9 1642
9 1654
9 1660
9 1666
9 1672
9 1678
9 1684
9 1696
9 1702
9 1708
9 1714
9 1720
9 1726
9 1738
9 1744
9 1750
9 1756
9 1762
9 1768
9 1780
9 1786
9 1792
9 1798
9 1804
9 1810
9 1822
9 1828
9 1834
9 1840
9 1846
9 1852
9 1864
9 1870
9 1876
9 1882
9 1888
9 1894
9 1906
9 1912
9 1918
9 1924
9 1930
9 1936
9 1948
9 1954
9 1960
9 1966
9 1972
9 1978
9 1990
9 1996
9 2002
9 2008
9 2014
9 2020
9 2032
9 2038
9 2044
9 2050
9 2056
9 2062
9 2074
9 2080
9 2086
9 2092
9 2098
9 2104
9 2116
9 2122
9 2128
9 2134
9 2140
9 2146
9 2158
9 2164
9 2170
9 2176
9 2182
9 2188
9 2200
9 2206
9 2212
9 2218
9 2224
9 2230
9 2242
9 2248
9 2254
9 2260
9 2266
9 2272
9 2284
9 2290
9 2296
9 2302
9 2308
9 2314
9 2326
9 2332
9 2338
9 2344
9 2350
9 2356
9 2368
9 2374
9 2380
9 2386
9 2392
9 2398
9 2410
9 2416
9 2422
9 2428
9 2434
9 2440
9 2452
9 2458
9 2464
9 2470
9 2476
9 2482
9 2494
9 2500
9 2506
9 2512
9 2518
9 2524
9 2536
9 2542
9 2548
9 2554
9 2560
9 2566
9 2578
9 2584
9 2590
9 2596
9 2602
9 2608
9 2620
9 2626
9 2632
9 2638
9 2644
9 2650
9 2662
9 2668
9 2674
9 2680
9 2686
9 2692
9 2704
9 2710
9 2716
9 2722
9 2728
9 2734
9 2746
9 2752
9 2758
9 2764
9 2770
9 2776
9 2788
9 2794
9 2800
9 2806
9 2812
9 2818
9 2830
9 2836
9 2842
9 2848
9 2854
9 2860
9 2872
9 2878
9 2884
9 2890
9 2896
9 2902
9 2914
9 2920
9 2926
9 2932
9 2938
9 2944
9 2956
9 2962
9 2968
9 2974
9 2980
9 2986
9 2998
9 3004
9 3010
9 3016
9 3022
9 3028
9 3040
9 3046
9 3052
9 3058
9 3064
9 3070
9 3082
9 3088
9 3094
9 3100
9 3106
9 3112
9 3124
9 3130
9 3136
9 3142
9 3148
9 3154
9 3166
9 3172
9 3178
9 3184
9 3190
9 3196
9 3208
9 3214
9 3220
9 3226
9 3232
9 3238
9 3250
9 3256
9 3262
9 3268
9 3274
9 3280
9 3292
9 3298
9 3304
9 3310
9 3316
9 3322
9 3334
9 3340
9 3346
9 3352
9 3358
9 3364
9 3376
9 3382
9 3388
9 3394
9 3400
9 3406
9 3418
9 3424
9 3430
9 3436
9 3442
9 3448
9 3460
9 3466
9 3472
9 3478
9 3484
9 3490
9 3502
9 3508
9 3514
9 3520
9 3526
9 3532
9 3544
9 3550
9 3556
9 3562
9 3568
9 3574
9 3586
9 3592
9 3598
9 3604
9 3610
9 3616
9 3628
9 3634
9 3640
9 3646
9 3652
9 3658
9 3670
9 3676
9 3682
9 3688
9 3694
9 3700
9 3712
9 3718
9 3724
9 3730
9 3736
9 3742
9 3754
9 3760
9 3766
9 3772
9 3778
9 3784
9 3796
9 3802
9 3808
9 3814
9 3820
9 3826
9 3838
9 3844
9 3850
9 3856
9 3862
9 3868
9 3880
9 3886
9 3892
9 3898
9 3904
9 3910
9 3922
9 3928
9 3934
9 3940
9 3946
9 3952
9 3964
9 3970
9 3976
9 3982
9 3988
9 3994
9 4006
9 4012
9 4018
9 4024
9 4030
9 4036
9 4048
9 4054
9 4060
9 4066
9 4072
9 4078
9 4090
9 4096
9 4102
9 4108
9 4114
9 4120
9 4132
9 4138
9 4144
9 4150
9 4156
9 4162
9 4174
9 4180
9 4186
9 4192
9 4198
9 4204
9 4216
9 4222
9 4228
9 4234
9 4240
9 4246
9 4258
9 4264
9 4270
9 4276
9 4282
9 4288
9 4300
9 4306
9 4312
9 4318
9 4324
9 4330
9 4342
9 4348
9 4354
9 4360
9 4366
9 4372
9 4384
9 4390
9 4396
9 4402
9 4408
9 4414
9 4426
9 4432
9 4438
9 4444
9 4450
9 4456
9 4468
9 4474
9 4480
9 4486
9 4492
9 4498
9 4510
9 4516
9 4522
9 4528
9 4534
9 4540
9 4552
9 4558
9 4564
9 4570
9 4576
9 4582
9 4594
9 4600
9 4606
9 4612
9 4618
9 4624
9 4636
9 4642
9 4648
9 4654
9 4660
9 4666
9 4678
9 4684
9 4690
9 4696
9 4702
9 4708
9 4720
9 4726
9 4732
9 4738
9 4744
9 4750
9 4762
9 4768
9 4774
9 4780
9 4786
9 4792
9 4804
9 4810
9 4816
9 4822
9 4828
9 4834
9 4846
9 4852
9 4858
9 4864
9 4870
9 4876
9 4888
9 4894
9 4900
9 4906
9 4912
9 4918
9 4930
9 4936
9 4942
9 4948
9 4954
9 4960
9 4972
9 4978
9 4984
9 4990
9 4996
